% BatteryModels ParameterSet
% 12V, 65Ah AGM
% Overcharging (NO), Gassing (YES), ZARC1(1), ZARC2(3), Scalable(YES), TemperatureModel(NO)
% 
% Publication date: 09/05/2002

%-------   "in_values"   ------------------------------------------------------

phi_in = [0.4 0.45 0.5 0.55 0.6 0.65 0.7 0.75 0.8 0.85 0.9 0.95 0.99 1];

SOC_in = [0 20 40 70 90 100];

temp_in = [-25 -15 0 27 40];

%-------   default values   ----------------------------------------------------

temp    = 25;    %(°C)

SOC_beg = 70;    %(%)

U_T     = 0.026; %(V)

F       = 26.80556; %(Ah/mol) Faraday-Konstante F

%R       = 8.31434; %(J/mol*K) Gaskonstante

%-------   gassing reaction   -------------------------------------------------

I_gas_0 = 1.27527E-9; % (A), bezogen auf 1 Ah

I_gas_0_ini = I_gas_0*20;% (A), bezogen auf Nennstrom

U_gas_0 = 1.22; % (V)

k_gas_1 = (1/0.2)*log(10); % (1/V)

k_gas_2 = (1/10)*log(2); % (1/K)

temp_gas_0 = 25; %(°K)

%-------   parameter lut´s = fct(soc)   ----------------------------------------
%Werte für 100% und 0% extrapoliert

nom_volt = 12; % (V) zur Ermittlung der Zellenzahl (hier 18)
 
nom_cap    = 65; %(Ah) 82.5

effect_cap = 65; %(Ah)

SOCmin = [70 40 20 0 0]; %minimaler SOC in Abh. der Temperatur

up_lim_soc_calc  = ((100 - SOC_beg)/100)*effect_cap*3600;  %(As)      

low_lim_soc_calc = (-1)*(SOC_beg/100)*effect_cap*3600; %(As)
 
M_el = 0.005782; % (kg), bezogen auf 1 Ah

M_el_ini = M_el*20; % (kg), bezogen auf Nennstrom

m_Battvoll = 7.0; % (mol/kg)

R_ser = [100.0 10.0 1.0 0.022 0.02 0.02 ; 10.0 1.0 0.025 0.0166 0.0158 0.0158;
         1.0 0.025 0.0175 0.015 0.0142 0.0142 ; 0.1 0.018 0.0145 0.0127 0.0125 0.0125;
         0.1 0.016 0.0137 0.0125 0.0124 0.0124];  

R_ser_bez = [152.7 15.27 1.527 0.0336 0.0305 0.0305 ; 15.27 1.527 0.0382 0.02536 0.02414 0.02414;
             1.527 0.03819 0.0267 0.0229 0.0217 0.0217; 0.1527 0.0275 0.0222 0.0194 0.0191 0.0191;
             0.1527 0.0244 0.0209 0.0191 0.0189 0.0189];  % bezogen auf 1 Zelle und 1 Ah

%R_ser_ini = [7.635 0.7635 0.07635 0.00168 0.00153 0.00153 ; 0.7635 0.07635 0.00191 0.001268 0.001207 0.001207;
%            0.07635 0.00191 0.00134 0.00115 0.00109 0.00109; 0.00764 0.00138 0.00111 0.00097 0.000955 0.000955;
%             0.00764 0.00122 0.00105 0.000955 0.000945 0.000945];  % bezogen auf 1 Zelle und Nennstrom 

R_ser_ini = R_ser_bez/20; %bezogen auf 1 Zelle und Nennstrom

L     = [ 3.00E-07 3.00E-07 3.00E-07 3.0E-07 3.0E-07 3.0E-07 ; 3.00E-07 3.00E-07 3.00E-07 3.0E-07 3.0E-07 3.0E-07 ;
          3.00E-07 3.00E-07 3.00E-07 3.0E-07 3.0E-07 3.0E-07 ; 3.00E-07 3.00E-07 3.00E-07 3.0E-07 3.0E-07 3.0E-07 ;
          3.00E-07 3.00E-07 3.00E-07 3.0E-07 3.0E-07 3.0E-07];   

L_bez = [ 6.06E-10 6.06E-10 6.06E-10 6.06E-10 6.06E-10 6.06E-10 ; 6.06E-10 6.06E-10 6.06E-10 6.06E-10 6.06E-10 6.06E-10 ; 
          6.06E-10 6.06E-10 6.06E-10 6.06E-10 6.06E-10 6.06E-10 ; 6.06E-10 6.06E-10 6.06E-10 6.06E-10 6.06E-10 6.06E-10 ;
          6.06E-10 6.06E-10 6.06E-10 6.06E-10 6.06E-10 6.06E-10]; % bezogen auf 1 Zelle und 1 Ah  
          % L wächst mit größerer Bauform der Batterie - hier wird die Kapazität als Bezug verwendet

L_ini = [ 1.212E-8 1.212E-8 1.212E-8 1.212E-8 1.212E-8 1.212E-8 ; 1.212E-8 1.212E-8 1.212E-8 1.212E-8 1.212E-8 1.212E-8 ;
          1.212E-8 1.212E-8 1.212E-8 1.212E-8 1.212E-8 1.212E-8 ; 1.212E-8 1.212E-8 1.212E-8 1.212E-8 1.212E-8 1.212E-8 ;
          1.212E-8 1.212E-8 1.212E-8 1.212E-8 1.212E-8 1.212E-8]; % bezogen auf 1 Zelle und Nennstrom  
      
phi_1 = [ 0.65 0.65 0.65 0.65 0.67 0.67 ; 0.6 0.6 0.6 0.7 0.7 0.7 ; 0.55 0.55 0.67 0.75 0.75 0.75;
          0.65 0.65 0.65 0.7 0.75 0.75 ; 0.66 0.66 0.66 0.675 0.72 0.72];

phi_2 = [ 0.85 0.85 0.85 0.85 0.85 0.85 ; 0.85 0.85 0.85 0.85 0.95 0.95 ; 0.8 0.8 0.85 0.85 0.875 0.875 ;
          0.725 0.725 0.825 0.87 0.87 0.87; 0.7 0.7 0.775 0.86 0.88 0.88];

%-------   tanh - fit ----------------------------------------------------------

a = [ 0.06 0.06 0.06 0.06 0.1 0.1 ; 0.046 0.046 0.046 0.06 0.1 0.1 ; 0.026 0.026 0.024 0.03 0.12 0.12 ;
      0.012 0.012 0.010 0.011 0.022 0.022 ; 0.009 0.009 0.009 0.011 0.02 0.02];  
  
a_bez = [ 0.0916 0.0916 0.0916 0.0916 0.1527 0.1527 ; 0.0703 0.0703 0.0703 0.0917 0.1527 0.1527 ;
          0.0397 0.0397 0.0367 0.0458 0.1833 0.1833 ; 0.0183 0.0183 0.0153 0.0168 0.0336 0.0336 ;
          0.0137 0.0137 0.0137 0.0168 0.0306 0.0306]; % bezogen auf 1 Zelle und 1 Ah
      
%a_ini = [ 0.00458 0.00458 0.00458 0.00458 0.00764 0.00764 ; 0.00352 0.00352 0.00352 0.00459 0.00764 0.00764 ;
%          0.00199 0.00199 0.00199 0.00229 0.00917 0.00917 ; 0.000915 0.000915 0.000765 0.00084 0.00168 0.00168 ;
%          0.000685 0.000685 0.000685 0.00084 0.00153 0.00153]; % bezogen auf 1 Zelle und Nennstrom

a_ini = a_bez/20; %bezogen auf 1 Zelle und Nennstrom
      
b = [ 0.053 0.053 0.053 0.053 0.093 0.093 ; 0.035 0.035 0.035 0.053 0.093 0.093 ; 0.021 0.021 0.02 0.026 0.116 0.116 ;
      0.009 0.009 0.007 0.008 0.019 0.019 ; 0.006 0.006 0.006 0.008 0.017 0.017];
  
b_bez = [ 0.0810 0.0810 0.0810 0.0810 0.1421 0.1421 ; 0.0535 0.0535 0.0535 0.0810 0.1421 0.1421 ;
          0.0321 0.0321 0.0306 0.0400 0.1772 0.1772 ; 0.01375 0.01375 0.0107 0.0122 0.0290 0.0290 ; 
          0.0092 0.0092 0.0092 0.0122 0.0260 0.0260]; % bezogen auf 1 Zelle und 1 Ah

b_ini = b_bez/20; % bezogen auf 1 Zelle und Nennstrom

c = [ 0.1 0.1 0.1 0.1 0.15 0.15 ; 0.1 0.1 0.1 0.1 0.15 0.15 ; 0.1 0.1 0.1 0.08 0.15 0.15 ;
      0.03 0.03 0.03 0.03 0.07 0.07 ; 0.03 0.03 0.03 0.03 0.07 0.07];

c_bez = [ 0.1375 0.1375 0.1375 0.1375 0.2063 0.2063 ; 0.1375 0.1375 0.1375 0.1375 0.2063 0.2063 ;
          0.1375 0.1375 0.1375 0.1100 0.2063 0.2063 ; 0.04125 0.04125 0.04125 0.04125 0.09625 0.09625 ;
          0.04125 0.04125 0.04125 0.04125 0.09625 0.09625]; %auf Nennstrom bezogen

c_ini = c_bez;

d = [0 0 0 0 0 0 ; 0 0 0 0 0 0 ; 7 7 5 3 0 0 ; 10 10 10 10 10 10 ; 10 10 10 10 10 10];

d_bez = [ 0 0 0 0 0 0 ; 0 0 0 0 0 0 ; 5.1 5.1 3.6 2.2 0 0 ; 7.3 7.3 7.3 7.3 7.3 7.3 ;
          7.3 7.3 7.3 7.3 7.3 7.3]; % auf Nennstrom bezogen

d_ini = d_bez;      

%-------   konstante um A_1 zu berechnen fct(soc)   ------------------------
e = [0.6 0.6 0.6 0.6 0.8 0.8 ; 0.65 0.65 0.65 0.7 1.02 1.02 ; 0.55 0.55 0.55 0.55 0.9 0.9 ;
     0.45 0.45 0.6 0.7 1 1 ; 0.45 0.45 0.55 0.8 1 1];
 
e_bez = [0.393 0.393 0.393 0.393 0.523 0.523 ; 0.425 0.425 0.425 0.458 0.667 0.667 ; 0.36 0.36 0.36 0.36 0.589 0.589 ;
         0.295 0.295 0.393 0.458 0.655 0.655 ; 0.295 0.295 0.360 0.524 0.655 0.655]; % bezogen auf 1 Zelle und 1 Ah

e_ini = e_bez*20; %bezogen auf 1 Zelle und Nennstrom
     
C_1eff = [0.456 0.456 0.456 0.456 0.718 0.718 ; 0.488 0.488 0.488 0.601 1.03 1.03 ; 0.337 0.337 0.41 0.451 0.869 0.869 ; 
          0.293 0.293 0.455 0.6 1.0 1.0 ; 0.298 0.298 0.404 0.718 1 1];

C_1eff_bez = [0.298 0.298 0.298 0.298 0.470 0.470 ; 0.320 0.320 0.320 0.393 0.674 0.674 ; 0.221 0.221 0.268 0.295 0.569 0.569 ; 
              0.192 0.192 0.298 0.393 0.655 0.655 ; 0.195 0.195 0.264 0.470 0.655 0.655]; % bezogen auf 1 Zelle und 1 Ah

C_1eff_ini = C_1eff_bez*20; %bezogen auf 1 Zelle und Nennstrom

 %-------   Butler-Volmer fit   -------------------------------------------------
n       = 2;

alpha = [ 0.15 0.15 0.15 0.15 0.15 0.15 ; 0.2 0.2 0.2 0.2 0.2 0.2 ; 0.3 0.3 0.3 0.25 0.2 0.2 ;
          0.35 0.35 0.35 0.3 0.25 0.25 ; 0.35 0.35 0.35 0.35 0.25 0.25];

I_0   = [ 0.34 0.34 0.34 0.34 0.34 0.238 ; 0.38 0.38 0.38 0.23 0.23 0.161 ; 0.37 0.37 0.35 0.35 0.39 0.273 ;
          0.75 0.75 0.75 0.8 0.42 0.294 ; 1.1 1.1 1 0.9 0.68 0.476];

I_0_bez = [0.2473 0.2473 0.2473 0.2473 0.2473 0.1731 ; 0.2764 0.2764 0.2764 0.1673 0.1673 0.1171;
           0.2691 0.2691 0.2545 0.2545 0.2836 0.1985 ; 0.5455 0.5455 0.5455 0.5818 0.3055 0.2138;
           0.8 0.8 0.7273 0.6545 0.4646 0.3462]; % bezogen auf Nennstrom
       
